0001
1100
0110
1010
1011
0011
1100
1100
0100
0110
1101
1100
0001
0101
0011
0100
0101
1110
0000
0110
1000
1010
0111
0111
0110
1001
1011
0110
0100
1010
0101
1001
0110
1010
0100
0010
1010
0110
0111
1011
1001
1000
0011
0100
0111
0101
1010
1100
0111
0110
1100
0111
0110
1010
0011
1110
0101
1000
1001
0101
0100
1000
1010
0111
0111
1010
1000
1010
0110
1001
0011
0101
0001
0110
0111
0110
1011
0100
1001
0011
0011
0100
0010
0011
1010
1000
1010
1010
1000
1011
0000
0111
1000
1000
1001
0111
0000
0100
0000
1001
