1101101010101101000010000001100110011110000110100000001110110011100001001100110100110011010011000011001010000110000100110101100000111000111110110100100000010001111010111110011001110101010100100110001111100101110101101001110100010111001100001011101010010111
1100000111101111111011110000110110100000001011110010001111101110111110101111001111010100111101000110000100001111111010101101000000011010001110100000010111011111111111001000000011011010101100101110100010011011010010100010010001100001110111000100110010100001
1101100100011011011110101100110111000010110001001110111101000110110010011101111111001001100011010000010001001000111010110011110101100001101110111011001000010110011101111000000001001000111010101010010010101110011110010101011100100111011110101001000001010010
1010100011010100101111000111101011100110010010000001001100010111010100110100110011000101001000001000000000101101010000001000001011100010001011100001010000001101000010110111001011010011100110000010110000011011100011001101000101001000110101001110010001101000
1110100110100111110100011100010111110001010011110010110110010111110000110111111110001000001111010010011111000100011001100111110011110011011110000011110100101111110111010110111101110111001101111111001011101011000100111110011000010100011000111100000010101001
1101100001001110000111100100110101011100000010011101111000111111000000111101000100101101010111011010101111111010001100000111101101111000001111100000010100110001000011010011101111101111000101110001010110011011111001000010101010001101111011101111110111000100
0011110000100001011000100111011001101111000100000111000010001100101111010011011000110110000000100111010000001111110011011110010101000011110010110001110001100001001011100111110010111100110100110101000110011111100111001100011001001101101000101111100001100111
1111001011011011010110001111001010100101101101011000100111110111000010101001100111110000000000101101111100011110101000100111001110110010111101111100010010000000100101100101011111111010010011011001010010101100000011110001010000101001101101100010010101111111
0101110101011111100010011111110010010100000101010000110001000001110000101111111110010111101001010101100110001110011100010010111001111100000111011101110101010101110001101010001011011010000011011010111110101010101111100100110100101000011100001011101100000110
0010100001101100010001000011100010111111010111111101001011011001001111010100000001011001110001011011001010101011110100101111100001111100100101101101011100110011011111111110111000101111100001010111101010011111100010110111111010111011111001001110010111011101
1001001110001101000101100011010001011011001110000001010001011101110101001011001110000000101101011000000000011011100101001111101101111101101010101110000001001111001011111000000111010100010111110101010100100001001000111000111111010100010100100111000010010101
1001111010011101111000001001010001011010001100110000000010011100001000011110110111111100001111001011010010101011010110110101011000001001111110010010100100101111000010000111101011111101010110010111010100100001001101101111011001010101100110001100011010100110
0011010101000110001110110011111001110111000101101001001001100111100100010000111111010001000101001110010001110011100100001011110100101010001011100010011110000101010011100000100110010111010000101001101110001000010001010010101000000100001010011110001101011000
0110010110100011011001010001001010010011110110000010100000110010000001101000100101101001110100011110011100000011010010011100010110010000111111100010110001011110100111000100011111010000110000110011001010111011011110001101001111111000011010001100000100100010
0011010110111100011111011100111001101110011101000010111000011001110001010101100100100010110010011110101100011010011101011000111010110111001000000001101011011111100010001110010010110001011011000001111111011100011011010001101001101100011001100101001001000111
1000010100100011100101101011011100000011110111010000100100111000010001011110011101111010110100001111110111001000101110000110110110001010010111011100010010111101110001110000000010111011100110011011101100001101001111101001100010110101010100001001011011011110
1001011010100100111101001000000001011110110001101110110001001101011111111000101100000110100101110100011010100011101010101000011111011100110010111111101101001110111010111011010100010001011100111001101110110000101000111000111000010100000110111011011101000111
1100111110001000000110011011111100011011101101101000010000111100000010110001100111110011110101100110100110100111000111010001011101101011110111000100110111110001011100110100001110110000001011110010101100101100110110111010110110111111001000000110011000010101
0101110011001011011001000001110110101101011011011101101011110000010100110010001101001001111011111001001010001100001001111111111000010110110001100001001111011111001111110000001100010011101001000011111101100111000010111100011100011000011101000010100111010101
0110101011010100000110110001011010101101101110101000001001110000110101010000010010001011111100100011011001110100000001011111100101101110011101101100011110101101110011010111110101111111111110000001100100001101000110110010010001100101000000001001111111111010
1101110010110000001111100100010110110001000001110111011100110010100111100001010011110101011011001110111001000000010000010001000101010001001001011010111111010110100001110100000101000100001111100110010010111010100101100001000111110111101001100011000111001010
0101000011100001010000011011001001000111000001000001100001111000010010011010101000011001001011000100101100000110000011001000011011011111010011000111010100001011101110100011101000100000001110111001111011000011100111100011000110101001110001100011000100101100
0101000000101111111100011010000000010111000111010101110010111001100111001111110010101011110100011111101101011000011110101100111011000001000110100101110100001110011101100101000010100010111110001101110010011100011111111000000001000010100001101100111101010110
1010110011111011101001001011011101101001110010100011100011000000000110101101000011001011010011000111000000110101000001101001111110100011000010001001000110110101010000000111001010000010010111001001001101110100111000001101000011001101101110011011110111110011
0110011110111110110101001111110101011101111110100001110001001110010110110100011111100111111010001000111111111011000000110011100000110011001101111010001011111000110110101011000011110110011000111011100011101111001101001000010010100110100110101001010011100001
1111110000010011110101011100110110100011001000001001100110011011110011010111100100001010001010110001010110101000100011010101010010000101001001000110111001101110000111000001110011111110000001100011111110011111010110001010011010001111100011110011010101000011
1001111011111100110111110010100011100011010001111010100011100100110010001000110010011110000000000010001100001000101010111010000110000010000101000011101110001011001101010000111110001000010001101101000100001010000101011010001111111100100111101011110001000010
1110001111001001110111101010100001011101111100100100011110110110010111100010011010101111101111000100111111101001100111100010000001110001011011011001001100101111011000101001011110100000101001110000101011101100011111001110011101110000110011000110101001011101
0100101111100110001101101001111010100000111011000100000001101000111110010100010000000011101110000101001000101011111110011101001011110010011001111101011011100011101010010010100101110001000010100001000100111001101101011100111101101001010101111001000000101111
1111010010011101011100000010111111000001001011101010010011110010010011101100101001001011100111000001101111111001100100000010001101110001000110001011011011010110001111111000110011110111111101110011110011100010101110011000010111110101010001011110000000000000
0001001110011001010111110111111000011101101111110011100010111101100001101110011001010000111111011000010001011001010101001110111101110101000010100000110100111110011101100101111011001011111001100110110000000110000000111111101111110111100010001000000010111011
1111001000010110000101001111101000101010010101111000110000100111111000100100110100111010011110011010001011111110101000101010011101110101001110001111010011001011011000011110011001101001111001000011101101110110100110010111001010100011000011010111111011111011
1001101011000010101111100100010001111001000010010101011000010010000010001111110101101100010011100011000111101100110100100000111101000101010101111100010010110111000101101110001110100000001110011101001111001010010111100001111011000010001010110101000000110100
1111111111111011110000100000010001010100010001100101101010111010101001001100010011100000001010011111001110011100111100100000100101010110100010110101010010100000001000001100000011111000000001001000100110100111111001100111000000111001100110100000000011101110
1000100000110011001111010001001001010100010001100110101001010011001010010001100011101110101001111010001010110001101001000001011010000011111100110110000100000110011011101011001000100110100000011001000011010000110111110000001011010011001000000110001010110011
0110111100001001010000111001000110000101101110000100100001111011000000100000001011101000100000101100000000000011010011001001111111111010011010001000010000111011100010111000000110000011010011011101101100001101110110111000110110101001010000100110111101001101
1111100110011101010101001111100100010100000000110101100000011011011011010110100111000111111000101001100000010110111010011011011110011110011111100111110010011101101100000100101000010111111110101111000011100011100101011110011110011100010001101111110101101100
0000111001110110100101000001101001110001101100010111011010011001010010001001000001100011101000000010100001101011101111110110101010001000011011111011101001110010011010001111001100100001011111110101011110111111010100010010101110111010000111001001010011111011
1100000101000010010011010001101110000011110010001000110101010001110111100110101010111000110001010101011100110100011110100110110100110011011101001000001001100110000101000110101111010010111110101000101001110110101010111011011101000000110001110110010000001110
0101010001101010001101110011000011100010011100100001111001011011111011101011000000110000110010110001011110110010001001100101100111111110011011111000010110010000010111111110101011001111111000100111001011100101100101100001001000011111101111110011010101101110
0000001101001101000111010011101101101010101100001010100101100000001101000111111010101000111011011100110100001000100100010111011101010011000100011111111001011111010010110001001110100011110011000100110111010100100110100101111000010000111000111011101000000111
1011100100010010110001111000111001010011100011011011010010000110011111101001110010111001100000100011101100000010100101001100101110110111000000010110101110001001111001101110000001111101101000101111111111111000000001111011100001001110101000000011110101000101
0001110111110001000110111111111110100100101001110111100011101010010110010111000101101001010011010111101001110010110011111001100110010100100010101111101100001010101100100101111110111101111000000000000000100011111100110111100000100001010011110100010101011011
1001010111110001101011010101110111110101101111111011011000100010111111100111110100011100010101001101111111010101010000100111000111000101100100100001100011011110111111011111001010000011110101010100000011100010010011001011110011001000101000001000111000100110
0011010101000010101011010101111101011000100011010111000101110100000010110111101100110001100101101111101110110011101011100110001101000100110101011001000111000101100101010001111000111111011110110010101101111110100001000100101100010110110100110010000000011011
0111010101001100000001001011001011011101110011111011000011110001010101001011011011101010001011100010110011101111011100110111101111010100111111100010000010001100000010101011101011000101100111000011010011011111011110100011100000011111101100010000100101101111
0110101011111010001010011010111000101001101110000001010001111110000011011100100011110111011101011001100010001100111101100111000100010011001011011111011111110011001111001101011100011010010100100101111011101001010110001111111011111110101100010110111011100100
1011011000011011101101011111010101100001100000110010101001001100000100010011000001111011001010100110000001001100010010000100010010101010011000000111011000110101101101110000101001111100010100000101011101100011011001001100111000000010000111110010111110101010
1110111011110011001001100001110101001100000101011011110100111011110110010011100111100011001100101000010001011101100111011001111101100000011100010010010110101001000100100101000110001001111100010011010111000010000000111000011000101111010110110101000101000101
0010100010001110011101111100000000000001010011100000001001010001010110111110000111000010100010011000101100101100101101100111101110101011101110101101100100110101011001100101111000011011100000101001010111000010101000010100110110010110011000001010001001010111
0100010011001110101010001001101111100000100111100011001011010110100110100010100111000100011101000001001001100010010011100000001101011010110001110011001000011101100100111101001100101101000011000001000001111001010000100100100000000110110100111000010110111101
0111011010000000111011100101101111111100101100110010101110000011010000001000010111110110011000000011111111101101100010000000001000010011011000010001110111000101010110100100111000011110110111001110000010010100110101111101001000000111111001011111010000101011
0111011000111110010101001100001111000111111011011001101111101100010101100100101000001101100101111001000010111001111111001100011001101111010011001010000101111001000101110000111101111100100101000111110011010011010001011010010110001111000000010111111010100010
1001010000000111001010000100110101000111010101110000010101111101001000101111100110110010001000000111101101001000111110000010110101010101010011001000001001100011011001011111101000101100010100000101001111100010000100011011111001100001111010100111101111010001
0101000011100001000000001110011001001100110101011101100000000100011111011101101100100001100111000111010111111010110000101010100010111101001001101011011000110100101000001001110101001110011110111001100101111110010100100100001001111010101001011011100000101011
0101101100111111000111000011111001110011101000111001110101110010001110110010000010110100010101011001000001111000000101100111101100100000101001110101111000010000100101111110101100001101001111110010001100101011100101100000001101010101010000101100000000010010
1101001110000000011011111110000000011111011110111110011010100100000001001011111110110010000110101110011011101111001111100110001100100100000111111111101000001010010010001110010100010100100101001001100101000110110010111011000011100100001111000111000111001010
1001100000111110010101011000110101010010010101110001010000000100001111011010111101111011100101110001111001001010101000010000111010010100111100100101111001100011110110011101000001100111001011011000100001000100111011111100111101011011010011110001010011001100
0010010111011111100101111110010010101000110110011101101110110111111101000010000101001010110110111011111010101101100010101001100111000110100101110000011110010100011011010000010100011111110111101001101101101010101011000110100010101110001011101111100101000000
0100011100101011101111110010100100101001101100100010100110010111111011110001010111111110010001010010011000110010100011001111001101001110010100110100101101100001011011101001111101001101010011101011111100000001111011110111000101011111110001001011111001011110
0100101111001001011001100100010101110111100100001111001100000111101100000100001101000011010000111010000000001000111010000000010011111010000100101110010101011000110110100110011101111101100011100011001100111011011011011001101000111111100101100010110000000110
1101111111110001000110101001100000010101101110100010011010111000110100001101000110000101100111000110100010100100000100100100000110101111101101010010101100010011111101010011011111101001011011001011110001111110011111011010110110011010110010011010001000011010
0000100111011001001101000011110010110100011010011011101111010001101111001001110000111011001011000111010010111010011011100100111001010001001111111100110111111010111000011000111011100000011010111101001010000011111010001011101001111011110110110101000000101110
0000111001011110100011101001001101110111011100011001000001001000101010101100101110111000111100010111010011011111110011101101111101011011001110111010100010011100100111000010011100000001010100100110010100111011010010110101010101100111101110011000100001001010
0110010010000000101000010001011101011000101000010000100010110100001101000101111101110001001110110110000011101110100011011101101000100001000111001101101111000101011100011100000011011001010000101001110001100100011100110010000111110100000110101101000000110100
1010110000110101000101100010110011011100001010100001001111100010110000001000110110110111001111000111000100101011100000101001000010010110001111100101110000111001010100100100110011011010000010000101111010010011101101001110011100111111001101110000111001010011
1101001001001110101101100000001001100101101011011010111100011011011101001000011111000101011111111010101111101001110101011100100110000100011111101010010100000100011111000101000011110010000100001011001000101110010110010110100101111111011111000111111010100011
1011110110001001011001100100010010000101010110101100110011110001110101100100000101100001010101101000001000011101001001000010111011010001100110100000000000111100011101110000011011000111010100111100010000110101010000100001010110010001111101101001110000010001
0101000001001110001001101100111000110010100101101011001111000110110011001111000110010010001010000001110100111100111111111111010101111101001110111011101001001001001010110011001010001111110001100001110111011000001100111110110100001001011011011111001110001111
0000011100111001100101011110011111100101110100001011100001110111101000110000001010010100000000101110100010110000110011110001100101011010101000011000001011001111100001110111001011001010111110000111011100101110010000100001010110000001010100100100101010001011
0001110101010010100010111001100111001011101010101110111010000111100100001011101101101010011010110010000100000110111110110111101111011111100010001110111001100000101101111001101010100100001010110000010111010100110011111011100110010110000110100110010011110110
0001011011010000110110100101011110010110010001011100100101010110101111011011111100001100000010101011001111100101111111101010000101010000100100001001011011100010101001110100001010100010001010111010110000010100010101001100111100110111001001010101011101001000
1111100000111000101100100101111000111011001101100000100111110111100000110100001101110100010010010110100101001011100000111000111110111010111100000001001011100111100110100100010000001101111110110000110110010010111111101110100110111111000100001001111000110001
1100010001010001111001000111011111001100101000111000010110011101001001101011101010011010111111101111101010111010110110111100011001000110100100110101110101000010101011111001111001000010011001100010011101100010010101100110011000010100111101010110111100100101
1111011100100010110011110100001010010011110011011010011010001111001100100011111101111110011001010000110110100100010011000011101110110011001110000110100100100001100001101011000011111111011011110010011100100111110101011100111011101011010100001110000000111100
1001111001111001110101010111110001111000111001110000111010101010000010000111100011001110000101111000010100010101001001011111101110010011000101010110101000110000100111001011110011001011100011011001110100111110111000011100001111001010101011000011000100000000
1110011101111000011110110001101111100100011000101101010111101100010001110101101100101110010000100100110111100110011011101100010100010110101000011011110011110001000011000111000001110110010011111010111100000110110010100000000110101100110110100111111100110001
0111000000101111010000111110001110000100000000000000010010010001100100010101100111101101110011000011000101111101000111001101001111101111001000111101111011011011011111101001001000110110111011110101001011110111100001101001011111001011001110000000011110101110
0100010010101111110101111001001100000101111100100010010110100111101110010101101001000111000111100011100101100010010111000000110001101100000110110100101010010100010001000010000011010101010010110111110110101000011111001111111011101001010110001110100110110010
1100001100100111111000001010000011100110110100010011100011110100000101100011111110101000010000111111000011111111101111111110110110110001110101010101110011010001001111000011100100111001000100111110001110011101010110010000000110011011101010110110101011101101
1011000010010000110010011011001000010011001111101110110011101101010111100110010011100010001000110100111000010111011000100101000011001000100000111000011111000011100101000110111110000110001101011110100011001110011000110100111101001000110011001001000000110110
1010110010100001000100101110111010100001110000011110100101000111001101110011111110101111001000001110001110111111011101101011001011111100010010000111000011010101001001110100001001110100011110011001010000101100001100111100110010011011100000010101000101011011
0000011100100010100010010011101010010100111100101001110011110010011001000000101100111011111000110111111101110000101000001111111001110011001011000010101100000110101001000010111000100101100110001110111010000111010001000000010010111010001000111001100010011100
1100010100101110011011110101110010011100011000000100001001001010001000111100101010100100101010011010000101111000101110001010011110000011001011011000100000111010011110110010100011010000011111011101110100000011111100111001010111100111010111001001110110100110
0110000110010100100000000011001000000010111001001001101101000011100000011001110100100101101101010100001011011100110110111101001101001111010000110100001101101001110101001001111101111001011100010100110011110001100100000100000010101110101010000010101111101001
0010111111101111100000010011001000100100011010001110101111010101000010100001100101111111111001101011111100001001011000111010000110000101101011011110001011010001110010010100001110011111001001110010110101110101110010001110110101010101101011100100111101111011
0100111100110110000001001000110100000111110001011101101001010010101001111100100010110101000110001000110000111101000010100001001111110100010001101111101000000001100100000010010000100000111100010100001000111010011101001001000011111000001001100011101110101101
0000101111110110111100111100000100101010100110010100100101010111000100100100101001000100000101011011100110110000100100011110110101000001111011010110110001011000010011101101000111000110101001001000110110100000110100000101011000000111000101001011110111110001
0000010000011010111110010001011101111110111001010100100000010010101110010101100000011110010110010100001001111001110000001110110011000111010001000010000010111101001100100111000000111010100010011000011111011101011001011110110101101101011011011100110011000100
1000011111011101100010001101110010011000000101111000000001010010000110000010100010000100101001110100001101110110011000011111011111011000011000001111001001010111011000011010110101110100011110101010111100101011101100100101000001001011000011101011110000100101
1111110111100010010010110010001001111001000100101101010000001010001110011011101101001010100001100110101101001001010111010100101000011110100010010100000110011010111001000011011111001010101101111110011010010001101111110110110101100110001010001100000110110111
0010111000100010011101100111101010001110010111011111001010110100100011101001111110010111101010001101000101111010110000111001101010010011101111001111111010010010101000101010011110100110101001101001100100001000111010000111100001100000100001010010010011010000
0111111011100011100100111101110001101100101001101010110110100111100100111001000010100111001110011010101000101000001011100101001011100101010010001010100100011111111001001111111001101011111110100101011111001001101001011111101010110011000100100000011001011010
1010111010000110011100010100111101011100100001001000000011010101100101110101100001010000011010011111100010100011010011110010001011010010110101001010101011101110010000011101111011001011100101001011011110101111011011000100101000101110000010110100011001110111
1111010101010110111111110110101010010010011011110010000111011001111100111110100000001111111100010110111101110011101001111010100111001000000000101011000000000011000011001100011110110100111011001000110011101100010101110000000101111000000101011010110011110011
0011001000001100101100011111001110111110000100110100000010110110111000010011010011100010101011111100111111011100011011101100110111111100101100110011111000111001110001110010100000111100010101101100110011011100110101011100000000110010001000000000000100010101
0000010111100011110101110010111111100001011001001001110010010110010011000101001010101000111101111100010011101010101100000101011101100101111101101011011111101010100110010001010001000101011001000101101001000101110111111100000100001001011110010001011001101001
0110000001010110111110110101011101010001100110000000110010101010101100110011000001011110011000010111010011111110111110000110111010011110000111011101010010110011110100000100001001010010111000111100110101011110101110011001011101101110110110101101111000001101
0110110001011000111100010100001101010110001110101000011000101000001000011111100110100110101101111101101101100111010111111001001011100000011001000110100010101110000101001100011111010001100101010010011011111010011101011100111110101111010100111011000000001110
0000000100110111100001000110010000011111010100111110100100111001101011111111011000100000011100000101001001000100000110001100001101111110110011110000001100110010001100110000011000011110101011101011101110011000110100111111111010111001000111000100010111011100
0110010011000010000000001001001001100100100100001011000101000011111111000011101011101101111011011100001000001011110110000111010010011110010110100110110010111000100001000100100011101110110100001001111111011111011000101011001100111001111111011001001100010001
1111000111101000001110110111101001011010111001110111010101100100100110110010111001011110011111110111010011101110011001111010100010001011010100000100100111100000111110111011000001011110000001110111111110001010101100000110000001111110100011110010111111111111
0111011110110101011000100101110110011001010111000011000000010111001000101100111011010100000101111011111101011011111101101101110011101111001100110001001100000011101111111010110010100100111110101110000011001111011111101000100001101100010011110010100101001100
1111111011100001011100001001011001000010101100111101001111101001100000111000001101011000000000100100000101100001001000001001001110010011101110011100101111111110000101000100001000010010101000010011011011010011001001101100110000010101100101000101001110110110
0110011011110100010001111011010101001000000110000110001001101011101001011101111011100111001011100011010011110101011111100011010100010101010100001011100010010100111000111111111011010001101111110100000110101111111010000111000001110100010100101001011011011110
1010010101010100000011010000001110100110111000111001100101000010100010101011100011010000010101111001000101000001110011000101100100101000111010010110000110100011001000100111101111011000011010011101111001000110000010011000101100010110100101001001001101001001
1111110011011111000010011000111100001111101101000100101000110111010010011010011000101110100100001001100001001011001100110001000010110001010101101001001110010001000111100000011000001001000101011010101001001011011010000010111010111011000100100111101111110101
1001101011101001010101000001010100001011110101110110001011000000001001010000010110000011110000101001011001011011010010011111011111011000110001111101001000010100010111011111010100111011001010000111010100110000010000000100110010001011101101011100010010001101
1111100001011101111100101010000110111010101001111111101111111010100100010101001011001001011001001110111100011110000001101111001010111000000001101111110100011001011011110010000101011001110100000100100101101011111111001100100100011011010100101010010011101011
1100110001001111100110100011001111111010000101010011001000110110000110100110111001111110010111011101011100000110100010100100100110010000001001100011010000100000100011111001001011010011101001100110110110111111111100010111000000011010110000010110000101100101
0000101001000010110110101010011100001000101001100011101001110011111111101110110001001000111011111010001011100010011000110010111111111001101100000100101110111011001101001000000001100100010100011001101110000010100100100100111010100000111011010001110110000110
0111010110000011010001010110110010111101110111010011111110100001010001011001101111100110000000001100110110101011111001011010101000110100110111111010111100101110011000100000000101100110110100010100101111110110111000010110001011100001000000100011000101111000
1010001000000110011111011101110000111000110100100110001110011111000111101101111101110101111101010010001111001110001111001110100100111011011110001111110100011101101110000101111000101010011001101101010011010011101001100100110010000011101001010010010100000110
0101011110101000101010101001010111011110001010100100111001101110010001010011110100010101101110100010111100100000011111001110001011011001111111010000000010111001000100101100101111000001001101111000101010110010110100011100001010111011110100001101100100011100
1100101110010111111001101000010010011000111110101000100101011111010001011101010010100110010101011011101101011111011100000110110000100001110000110010010011101111010110101011101100010010110111001001000101001001001101001110011101100011111000110110010101101000
0001101101111100010000111011000100010110110110101100110001010001111010111010000011001100101101111110011101000011001110100100110000110100000010000101011000000110011010110001100010111011011110111110111001000110010111101110110100100000111101111011110001000000
1111001110101110011100010111010011000111011011101011110010101110001111111110001011111100011001001011010100010110000001111010010011011111001010000000100101011011101110011101101011111011001110010000101111110010111110110011101101000100110101101100111110110011
0100101011001110001101110001110111010111111000101000011000111110001001000100100101000101111010101010110011101100011101110000100110101111000001111000001011100100111001111000100100110110000100001101101100001101000100100010001110110011110010100010000010111101
0000001001001000010011010001001111001001000101001101010111101000010010011111111111001100000101100011000111101110010011011011110011110010100110010110010101010000001010010000101100000000100011000000010111010000001000000111001011101010110100100100111011001111
1010111001000000010110010111100010100001001111110100110110100101011110111101101100110111010011010110001000101010001100100101010110111111110111100001000100001010000000000111110101111101011110011011110110000110000011001110011110000010000010110001000001111011
0010000100100000011111010101000101001000100010001100011000110110010100000011101111110111010110110001101011100011101111001011001010110110100110000001010110000010111010010001110110110011010001001100010101100001111011010000110101010001011100000000011000001001
1010111101000011000100001010110110100111000111000110001000110001010000100000001100001010000101101001011010110000101010010011111011101101100111101110110111100100010101110110001111111101101011000000010011111001110001101000100110101001110110101100000010000111
0111001101011111100010101110010100101100011110001000110110110010110101110001001001001110101111100010010101100010001110101110111001100100100111100111000111101100001111010000101000100110111011001111110110011010010011000101111011000100110110010001110101010100
1000000101010110010110000000111001101100110001000111001111111001010110001110010111100010000111101011000011000010100110000100100011110001100110011101110110010001100101110010101110001100011010111111101111001001001011111010011100000011011101110110100011001111
0001000101000001100111000000010000001000110001111001111110110110101011111000100001000010011000110010010110001100011010000110011110000101001010011001010100100001001011001001101000011010101000011010111010000100111110001011000011101010100110000001011110010100
1110010111101101011010001100010100001001011011111101011010100001010000010001110100011001110010100100101010010110011110101011000111110000101011010110001111010111001101011001010000110000011111011001100100011011000110100110010100100100011100010010001011100100
0000110000000110010111100111101000010010010000100000000101001011111101100100010011010111010100111110010110100011110000100010101101110111011110110001001010010101100101010010111011101110000110111010011001110110110110100101011011011000011110100111101111100100
1011100011011000110111101010011110100110110101101101001101010100110001010000001100010010000000110100011010010110111100101010111000001110111111111001000111111001011101011111001101001111000000010000010001010100001100001001111001111111000101100010110110010111
1111011001111011101111011000111111100101001011011101010110011001110100111001100011001000011110010100010010001100110010011111111001010011000010000111111110110011111101100100001101110110101101100110110000111111100001010011110010011001101111101110001100100100
1000010111110111110101000000010001101101001100010101011000010010110101000000100111000101001111010101010011101001111001001001110000011110100111011110100001011000100011001000001111010101011010100101010100100100100110001011101111000110110111000010110111110000
1000001001111000101110111010101010110001010111000010000001101011100011000000001111001011000001100001111011101110011010111101010100111000111000101111010110000100101101110110111000001110001010111001001100010110111001010101010110110101101100001101110101010001
0100111000011000100100110101010011111101001100111010010110010011001010000010011010000000000101011001100111110001100101100111100111011000010010010101111111111010010101000100111000101111100001110010101001101101110000001001111100010001101010100011011101010100
0100101010110011100001000000100110010101011111011101101000111111111000001111010100111111100010110011011001010001110110010110011010100111100110001111110000111010111010111000110001111001100100101011110100010111111010100111110010000001100101011111100010011101
1101101100111011001100101101101000011110100110000111100011110100111000101001111101010111100010001001111100001011111010000011110101111101010100011101111010110011101111011110110111010001011010100100101101111011111000111000101100010010010100111110011111101110
0000110110000010110100100110111011001101101110100101001001100010111100110010111011010100110101011101111101101100100010100110100011001000101101110110110011011111001110110110110101101110111100110110100011111111000110101001000110010001011101101101110110101100
1101100000101011110110011011111100011101001001010100011011101001001000001101110110100010011110101101101100010000011000011110001010111000000101100011110100000110110101000011000110001011000010010010011100001000001100101110000000100100000000001010100101101111
0011110110100011101101001101101011111011111110000110000010101000010100100010110101000110011101111001111110001000111001010110110101110000111100111010001101001000111111011101111101010001111000001001011000111110111110101001111111111100011001001110011010110010
1100110001101110010111001111010100000011000011101100110111001101000010100101110110100110100101001010101011010011100011010010000010100110111001000001111001001100001101101100110010010111000001100110101000001010101010001011100110111111011001110110011111111000
1000010100010111110100101011100000100110010010011111111110011000011101011010011110000011001001001100100111010111100110001011011111001011011100100001101000001001111111000010001000100001011011101111110000101010101111101000011011111000110001111010111110100101
0001000010000111001101110110000001001100100110111010101011000100110110010001110001101001100101110001011111011000010111000111011011110010011110111111110011110111010100110001001011011000010111101101110000101101010100101010011001011111001011010001111110101111
0111010111111111011100111101001100101110001110011011100010100011100110110010100101111100111110011101011000000100111101100100011000100111111101110000111100110100111000101001001110100101100010000100101011110001111110100001100110111101000110001001010110111000
0011011111000111001010010100001111101001010011011111110010101000000100000111010110110111100010001011111001111100001010100100100100101110000000000100110010001010010011111110111011110110111110101010110000101010110111001101001011001101010101110011010110111011
1110010010001000100110001110111010010000011010011111001011001011010011100110101100100011010111101011101000000000100001101001111010111001101101111011010010100011110001000101000000100010010011000100101000010101001010011111111001011110110101111111010111011000
0110101111110100100110110111010001010001010001000111011101000110110010110010011001110000011110001010011010000001011101110000001011101111111001000101100011101011101010110101111101110000101111010110111010101010111010001101001110001000111100011001001100101011
0111100110001101111100011100010011010001111101100110010011011011100110010000011100100001111010110010001001110001011100100010110011010111101101101011011011100111010001100111010000101111010101000000100000011111001010110011100010011110011110111110001010111111
0011100001000010101011011000101000010100100100000001111101101001001110001010110110101101110111111011010001011000100011000111100101001001101110010100010110101110001011000111101001100001000100100011001010110100100000101010000011000011000100101100110001101110
0010010001010011000011101101110000110001011101110110001110010011100110100111101101111010110111010010111110001110001111101100101110100000101000011110101110111001010010000010111100110000101100100010000011001101001100001110010100010000010000001000000010010111
0110110011101001100011111100101101010010111011110011000011101110101000111110111001111010001111001101011011101100110000010001000000101011001001100010010001011011100000010100101010010000101001100001110010111010110110010100000011001000110010000101101011101110
1111000101011001010001000000010110110000001011110101001100010111011111010001010010111100010001100011100000101010111110000111110000111001011001011000001110110000111110100001111111110111110001110000111111111001100101000010110010010110010100100010001011100101
1000100111000101010001100101010110100111010010111111101001111111111010000000111010110000110000110010011010101001110111001110110000101101011111001010110011100011111111111010111111001111001100010010110100000100110010111001111101100001110000000011111010101110
0100001011100011111000011100000111001000010101000010111111010010011011011101110010110111110011010110110101010110010111110000100000010110000001111000001111010100101111101001100100100001100110000101011000010100010000010101100100000000010111010000011011011110
1111100110010100011011001111000001101100010010001011101010010111111110111111011010110110010000111110001110111000101001110111110101000000010100001011011011101000110000110011011010101001110001101000011010001101110101100110110111000101010000000001101000101011
0110010111110101100001111110000101011111100011000011011111101000110000111110110001100100110100110001101001111110101101000100101111101011101100001100010010000010000011111001000001110011100111111100001111000101110010101001001011100001111011010010000111010001
0010011011000111000010011001011001011110011001010011011111000100001011110110111011000000011111110101000001010011101111100011100000010001000111101001011000110100011011000100001110101011111101101110100000001000110111101101100001010111111010110100011110010100
0011000011100111101010101100110110010011010100100100011110001100101001011011100010000011110001110110001001010011111000110001000111000101001100001010001000001100101000000111011010111011010010010010001100101100010111010100000000100001111000001010011010010011
1011110000101100101100011100011110000010011110111100000000011100100000100100000111100000001101101101111110001000001000101110101101100000111100010101000000111110110101000000101111101111001101101000101010001010011010100001011101000110000101111011010111110001
1011111111111001100001011000111111101000110101000100110100111111011000101101111001011101000011001110101011010101011100010010111110111011000100011011111110010110000011010001110100010101000111111011011110101010000100011011000111111110111001101110101111010001
0000011010101001111010001111001000111101111101000110010010110001010100110000110110111101000101000000011010111100111100101010010110101010100011001011110011000001101111111100101011111001101001001110000111100011010000111010100100010000011111100110101111100001
1100110110100100110010111011110101110100001011100100101111110001110100110001110011001111000100001100000100010011001101001011110001100110100101000100111111001101110000110110101001000111101010111010101110000101101001000110010010011101111101110001010010100010
1111000110001111010010011100000100101011111000100000111111110101111101000111001001100001111011101100110101100001011011001000101100111100111001101110011110010110100011001101011000101101101110010010110001101111110000010101011101110111101011001000111111110111
0001010011001001101100000010010100010100111010001100111000011110011000111011001101110011101011000110001100101000101000010011010100100110010111010010101011101001001011100011111011000000100101010110110100000100011011100111001101101000100100000011011001010111
1111110011010011010100000011111101101000010110111111000110100011101010111010111011111111011101100000011111100111101101100101100011010010000100001010010001001001101011111101000110011100111011011110001101011011100101000100101101000100001100000101100111010001
0101001001110011100010101111111101011100011101110000100110011111010011101010101111101010110110100000010101000011111000101001110011111011011001010111111101100111110111001000000101000110001011101001011110001000011001100110011111100001100101011110011101100111
1111111011011101011011000101111110100110111001010010101010001100110100111110011010010101010101001011110011010000110000011010100100001101011010110101110010011101111111011010011100110111100011111100100001010110000100010011100000111100111000111001011011000101
0001001101001110001001111101001001001010000010111101000001000101100000111011001111110110011100011010111011111001011010010100010110011100000001011010110010100000100111010010110111110101010000110100001110111111010110110010100010001111110011111110110011100111
1010010101111010101000101101111000110011000110100010101001010110011001001000011010100101001110010101100110111010000000010011111111111000101101100011001101100110101011000010100000011001000010001001011100001011100101010000111000010110100010100100100001001101
1011110001001011100011010000100001010111110110001011110011110001100100110001001100100010101000010000111110011111101000110000011000010001000010110100010010001110100001100010111000000000101000010011110000011111010101001111001101001110010111000001010001000110
0100000010011001111111010101010001110101100010001101110101100100110011111101111010000110111110101101101110100111111010000111100101001011011111100110000000101111000101110001100101000100010000000110110111011011011011110110010110000000010001010011110001110101
0010001010011111000000110010100011101001111101111001100111010111000000100110110011100000110111010010010001011110100001000111000100111011010010011100000011000111111000001011000000011110100001010111110000001100101100110110111010101001000011101001010111010000
