0000000000000000000000000000000000000000000000000000000000000000000000000000000000000000000000000000000000000000
0000000000000000000000000000000000000000000000000000000000000000000000000000000000000000000000000000000000000000
0000000000000000000000000000000000000000000000000000000000000000000000000000000000000000000000000000000000000000
0000000000000000000000000000000000000000000000000000000000000000000000000000000000000000000000000000000000000000
0000000000000000000000000000000000000000000000000000000000000000000000000000000000000000000000000000000000000000
0000000000000000000000000000000000000000000000000000000000000000000000000000000000000000000000000000000000000000
0000000000000000000000000000000000000000000000000000000000000000000000000000000000000000000000000000000000000000
0000000000000000000000000000000000000000000000000000000000000000000000000000000000000000000000000000000000000000
0000000000000000000000000000000000000000000000000000000000000000000000000000000000000000000000000000000000000000
0000000000000000000000000000000000000000000000000000000000000000000000000000000000000000000000000000000000000000
0000000000000000000000000000000000000000000000000000000000000000000000000000000000000000000000000000000000000000
0000000000000000000000000000000000000000000000000000000000000000000000000000000000000000000000000000000000000000
0000000000000000000000000000000000000000000000000000000000000000000000000000000000000000000000000000000000000000
0000000000000000000000000000000000000000000000000000000000000000000000000000000000000000000000000000000000000000
0000000000000000000000000000000000000000000000000000000000000000000000000000000000000000000000000000000000000000
0000000000000000000000000000000000000000000000000000000000000000000000000000000000000000000000000000000000000000
0000000000000000000000000000000000000000000000000000000000000000000000000000000000000000000000000000000000000000
0000000000000000000000000000000000000000000000000000000000000000000000000000000000000000000000000000000000000000
0000000000000000000000000000000000000000000000000000000000000000000000000000000000000000000000000000000000000000
0000000000000000000000000000000000000000000000000000000000000000000000000000000000000000000000000000000000000000
0000000000000000000000000000000000000000000000000000000000000000000000000000000000000000000000000000000000000000
0000000000000000000000000000000000000000000000000000000000000000000000000000000000000000000000000000000000000000
0000000000000000000000000000000000000000000000000000000000000000000000000000000000000000000000000000000000000000
0000000000000000000000000000000000000000000000000000000000000000000000000000000000000000000000000000000000000000
0000000000000000000000000000000000000000000000000000000000000000000000000000000000000000000000000000000000000000
0000000000000000000000000000000000000000000000000000000000000000000000000000000000000000000000000000000000000000
0000000000000000000000000000000000000000000000000000000000000000000000000000000000000000000000000000000000000000
0000000000000000000000000000000000000000000000000000000000000000000000000000000000000000000000000000000000000000
0000000000000000000000000000000000000000000000000000000000000000000000000000000000000000000000000000000000000000
0000000000000000000000000000000000000000000000000000000000000000000000000000000000000000000000000000000000000000
0000000000000000000000000000000000000000000000000000000000000000000000000000000000000000000000000000000000000000
0000000000000000000000000000000000000000000000000000000000000000000000000000000000000000000000000000000000000000
0000000000000000000000000000000000000000000000000000000000000000000000000000000000000000000000000000000000000000
0000000000000000000000000000000000000000000000000000000000000000000000000000000000000000000000000000000000000000
0000000000000000000000000000000000000000000000000000000000000000000000000000000000000000000000000000000000000000
0000000000000000000000000000000000000000000000000000000000000000000000000000000000000000000000000000000000000000
0000000000000000000000000000000000000000000000000000000000000000000000000000000000000000000000000000000000000000
0000000000000000000000000000000000000000000000000000000000000000000000000000000000000000000000000000000000000000
0000000000000000000000000000000000000000000000000000000000000000000000000000000000000000000000000000000000000000
0000000000000000000000000000000000000000000000000000000000000000000000000000000000000000000000000000000000000000
0000000000000000000000000000000000000000000000000000000000000000000000000000000000000000000000000000000000000000
0000000000000000000000000000000000000000000000000000000000000000000000000000000000000000000000000000000000000000
0000000000000000000000000000000000000000000000000000000000000000000000000000000000000000000000000000000000000000
0000000000000000000000000000000000000000000000000000000000000000000000000000000000000000000000000000000000000000
0000000000000000000000000000000000000000000000000000000000000000000000000000000000000000000000000000000000000000
0000000000000000000000000000000000000000000000000000000000000000000000000000000000000000000000000000000000000000
0000000000000000000000000000000000000000000000000000000000000000000000000000000000000000000000000000000000000000
0000000000000000000000000000000000000000000000000000000000000000000000000000000000000000000000000000000000000000
0000000000000000000000000000000000000000000000000000000000000000000000000000000000000000000000000000000000000000
0000000000000000000000000000000000000000000000000000000000000000000000000000000000000000000000000000000000000000
0000000000000000000000000000000000000000000000000000000000000000000000000000000000000000000000000000000000000000
0000000000000000000000000000000000000000000000000000000000000000000000000000000000000000000000000000000000000000
0000000000000000000000000000000000000000000000000000000000000000000000000000000000000000000000000000000000000000
0000000000000000000000000000000000000000000000000000000000000000000000000000000000000000000000000000000000000000
0000000000000000000000000000000000000000000000000000000000000000000000000000000000000000000000000000000000000000
0000000000000000000000000000000000000000000000000000000000000000000000000000000000000000000000000000000000000000
0000000000000000000000000000000000000000000000000000000000000000000000000000000000000000000000000000000000000000
0000000000000000000000000000000000000000000000000000000000000000000000000000000000000000000000000000000000000000
0000000000000000000000000000000000000000000000000000000000000000000000000000000000000000000000000000000000000000
0000000000000000000000000000000000000000000000000000000000000000000000000000000000000000000000000000000000000000
0000000000000000000000000000000000000000000000000000000000000000000000000000000000000000000000000000000000000000
0000000000000000000000000000000000000000000000000000000000000000000000000000000000000000000000000000000000000000
0000000000000000000000000000000000000000000000000000000000000000000000000000000000000000000000000000000000000000
0000000000000000000000000000000000000000000000000000000000000000000000000000000000000000000000000000000000000000
0000000000000000000000000000000000000000000000000000000000000000000000000000000000000000000000000000000000000000
0000000000000000000000000000000000000000000000000000000000000000000000000000000000000000000000000000000000000000
0000000000000000000000000000000000000000000000000000000000000000000000000000000000000000000000000000000000000000
0000000000000000000000000000000000000000000000000000000000000000000000000000000000000000000000000000000000000000
0000000000000000000000000000000000000000000000000000000000000000000000000000000000000000000000000000000000000000
0011010100101000110000100111001111010011010011010001111100111001001100001111011101000011011000000000101100010110
0100011101011000111010010101010000010111010011110100100101000011101111010001111110010011111100000000110000111001
0011101110111100110000110110001110101011110011001111100100111100100100010000000100010011011010010000110000000000
0011101011100000110100011011001111000001110011100010100100111010100101001111000111000011100001111000110000100011
0011111011001100110110011110010000110000100011010100001000111100110101010000111101000011111001111100110101011100
0100000001111100110101111001001111111110000011011110000100111001111000010000110011110011100100110100101111101100
0100001000010100111000011001010000101100110011010100000100111011111001010001100111010011100110010100110011101101
0011110111001000111000011111010001010000110011011111100000111011010111010000010010000011111100000000110000111000
0011101111011100110001101001001111011101010011001001000000110111101000001110110111010011101111110000110010000011
0100000101110100110101000000001110110111010011101000111100111101011110010000011111000011011101100100101111010010
0100000010101100110100100101010000111001010011001101110000111110000101010000000110100011110011110100110101001110
0100001000111000101111110110001111010001110011010001101100111001001101001111000101010011110100001100101100110100
0011101000110000110000111100001110011011110010110010010100111010111111001111100001100011100101101100101111101101
0011101110000100110111100000001111010111100010111111111100110101100101001111011100010011011101000100101010111001
0011111010011000111000001010010000101101000011011100111100111101101010010000110001100011111001000000110010011110
0011101010100100101101100001001111001011100010101100100100110111001100001110100010100011100000111000101010101000
0100001111011000110010100100010001000100010011101001001100111101011011010001100100000100000110100000110101101101
0011001100000100101110100011001101100111000010101010111100110100000010001110111111000011001010110000101001011100
0011101011111000110000010110001111011011000011011100100100110101010011010000010110000011010000010100110000100100
0100000100000000110101110001001111000011010011110001101000111010001111001111111110100011100010011000101100110010
0011101000110100110011111010001110010101000011010000111100110110010001001110110000010011100100001000101110111101
0011101101110000110001111111001110011100100011100000101100111100110101010000100111000011101101010000101111010010
0011111101100100111000110110010000010111000011100101101100111110111110010001001000100011111001101000110101100001
0100000100101000110101100001010000000101110011100011010001000001111101010001011010100011110010101100110011001010
0011110110100100110100010111001111011110010011101011011000111111111010001111010101010011110011111100110000100110
0100010010011000111001100111010000110100110011111000011100110111000100010000111000100100000001101100101010000101
0011011111010000110110010011001111010100000011011011011100111001110010001110110010110011011001110100110101001010
0011101111100000110100010100010000010110000011010100100000111101010000001111111011100011101000111100110011001111
0100010011101100111000101000010001001010010011011100101100111111000110010001101011000011101111110100110010110101
0011111000110100110001110110001111000101000011011101000000111001101111001111110010000011011101110000110000100000
0011101001100000101101110000001110100010100011011010001100111000100110001110011010010011100010110100100110011100
0011110110111000110100101011001111100100000011010011011000111010010111010000001000000011110100001100110100100000
0100001100101000111011000110010001111100110011011101011001000000000011010010000101010100001011001000110111000111
0100000101111000111001100111010000101011110011011000000100111110001001010010000101110100000101100000110000000111
0011011100110000101000000000001100011110110010110011111000110001010101001100101100100011000111010000101011101010
0011110001110100110011010011001110110100000011000101000100111110000110010000100010010011100100010100110011000010
0011100011000100101111101001001101011110010011000111000000110111100110001111010001010011011011101100101110110111
0011101111011000110001011111001110000000110011010011001000110011111000001110010111010011011000110000100110100001
0011100100000000110000001011001110001110100011001011000100110001111000001110100111110011011100100100101111010101
0100000111001000110111110011010001101010110011101010010000111101000100010001101111110100000111110100110100111010
0011011011101100101111011110001110000001010011000110001100110011010000010000001110010011010001110000110000010101
0100000100101000111000001111010000101101010011101101110100111110001001010000100011010011101000110000110010101100
0011100001000000110110000100010000000101100010111110111000111010110101001111111101000011011011100100110000100111
0100010011100000110110000010010000101010010011100010110001000000111100001111101100110011111000101100110101010101
0100000010010000110100001001010000000001000011101010010000111110110111010000111101110011101011010000110010011011
0100000111101100110011011111001111100111110011100010100000111010101101010000111111010011111000100000110100111101
0011111110111000110111001010001111011000010011110101010000111000010011010001010001110011011111010000110010010110
0100001111010000111010110010010010001110100011110100010101000000001100010010100000110100010111001100110101000001
0011110000010000110111010110010000000111010011000110001100111011010001010000100100010011110010000100101110011001
0011100111010000110001101111001110001110100010111010101000111001000011010000000001000011100110101100110000110100
0011101101011000101110011101001110011000110011001010110000111010101100001111011001100011011111100100101101011001
0011010011100000101110001000001101011111010010101000101100110111000101001101111010100011000000001100101010000011
0011100110000100110010011011001111100000100011100001010100110111101100001111111010010011010101011100110000100101
0100100100010000111000011010010000100010010100000011011000111111111000010001001110000011110111110000110100100011
0100001000010100110111111000010000111001110011100000011001000000101100010000101111010011110101100100110100111101
0011101101000000101111001101001111001011110011001001010000111000111010001111000100010011011100101000101001000101
0011111000010000101110010001001101111000100011001101000100110100001011001110010100100011100001011000101100101001
0011100011001000110001011000001110101010100011010001110100110111001000001110111010010011001010010100101011100101
0011111011001000101111011001001110100000000011011101010000110111101101001111011000000011100001001000101110111010
0100011110000001000001001010010001110011110011110000011000111110000110010010011000010100000001110000110111011111
0011110101110000110011111010001111111010010011010111000100111011101010010001000001110011110000111100110011101011
0011101010110100110100001110001111101110100011011010100000111000100110001111110111110011011001011000110011001101
0011010000110100110001101000001110101110000011001111101000111001011110001111000100110011100110010000101111100010
0100011101101100111100110001010010110100000011111100110001000000101110010010110010110011111111000000110011000000
0100010110111000111010110001010001010111000011111000101101000000011101010010001010100100100010001100111000010000
0100000101110000111110011100010001101101100100001110010001000010101001010010101000110100001010100000110101110010
0011010010100000101111110100001110111100010010110110010100110001010000001110000111010011000101000100101100100000
0100011111000000111110000011010000111011100011110111111001000101110011010010101010110100000000001100110110110011
0100010100110000110110101101010001110100110011101111100001000000101100010001000011000011111100101100110100101101
0100001100010000111011101111010010100000110011101000101101000000010110010001100001100011111000001000110001110101
0100000110011100110110111110010000011000100011101100001000111101101011010000110011010100001011110000110010001100
0100000110100100110110010101001111110100010011100001101100111001100100001111101101000011100110100100110000100101
0011111100010100111100000100010001011101000011100100011101000010010110010011000001010100001101111000110011110100
0100011000010000110110010110010000011100000011110010100000111101110001010001101110100011111111111100110110011001
0011110111001100110011101010001111100011110011100000100001000000010011010000111010110011110000111000110100111010
0100001010010000110101011001010000001000110011101101011000111001011101001111011011010011101111000000101111111001
0011101010101000101111110100001111000011010011001111010000111100111010001111101100010011010000011000110000101110
0011100011011100101110010000001101000101100011001100110100110110100101001110110100000011010110000000110010110101
0100001111100100111010011110010001000101010011001011111001000100010011010001111101000011110111011100110011100101
0011100000101100101110011110001110000100010011000001011000110011010011001111101101010011101000100000101101001000
0100010111001100111011010110010010011110110011111000101101000101010010010011011011100100100001010000111011000000
0011100000011100101110000110001110100010110011000010101100110111011100010000001111110011111000101100101101101011
0100000111100100110111011001001111111011010011011111101001000000110101010001000001000011110011101000110110000100
0100011010111000111000001000010000011111010011110100110000111100111000010000001111010100000111101100110000000001
0011110000000100110010111011001111001111000011010101110100111101110111010000101110100011100001010000110010010011
0011100010100000101101100010001110000110110010111100001100110010111000001101010101000011000100110100100111100111
0011100101010100110001111110001110111011110011100000011000110100001000001111000110000011010101010100110000001011
0100100000110101000000101011010001110111110011110100010001000001000011010011010011010100000001001000110101001010
0100010011010000110011101011010000010010000011100001110100111100101110010000110110110011110110100100110100110010
0100000100001100110111010001001111101111100011010111011000111001100000010000110010000011100001100000110011011111
0100011110101000111001011100010010100010000011111101100101000000110011010010001100110100010111101000110111001111
0011101000110100101101111010001110100010110010111111001100110100110101001110110111000011010111010000101001111101
0011111010100100111010101110010000011011000011100101110000111000101000010000100011000100000011000100110000100110
0100010111100000111110101111010001111001110011110110100000111110001011010001001000010011110111011000110011110111
0100011010111101000000001110010010100011100011110000000000111100101101010010111101100100001011011100110111101101
0011111010000100111000101001010000010101010011100011010100111000111110010000110010010011110010001100101111001110
0011100100110100101111100100001110101000100011000100010000110010011100001110011101100011010111011000101100110011
0011100000010000101110100000001101000110110010111101000100110100001000001101111110000011100010010000101001110010
0100010010010000110111010010010000110110110011110000010101000010001010010001001011010011111110101000110000000011
0011110000111000110111000000001111001010010011000011100000111011011111001111001100110011110110101000101011110110
