000000
000001
000010
000011
000100
000101
000110
000111
001000
001001
001010
001011
001100
001101
001110
001111
010000
010001
010010
010011
010100
010101
010110
010111
011000
011001
011010
011011
011100
011101
011110
011111
100000
100001
100010
100011
100100
100101
100110
100111
101000
101001
101010
101011
101100
101101
101110
101111
110000
110001
110010
110011
110100
110101
110110
110111
111000
111001
111010
111011
111100
111101
111110
111111
101010
010001
011100
001000
001101
101111
011000
111011
111111
000100
001110
010101
001111
100001
100110
100111
011001
111111
111111
111001
010010
111111
001111
010000
011000
000101
000101
000001
111110
111101
001100
111001
111011
101111
111111
110110
111000
000001
101010
101110
000111
000011
011111
101001
101010
100110
111010
101110
100010
111110
000111
110100
011100
011100
010011
100011
011001
111010
111001
101100
000001
001010
010111
110000
010110
100100
110100
011011
000000
101110
111100
010110
100010
000110
010100
111010
100111
000000
010001
101001
101111
010110
110001
010010
011110
001101
001100
111000
010110
110101
101101
010101
000100
001000
101110
111100
010010
011011
001000
101010
011110
100011
100111
110011
011101
