1010010110101010000001111100010111101001101011001111011000101111101101100100111111000110011100110000000000011001011000110000010000100100001000101111001001110010100111111101001010000010100011100001110000010101011000100110010001011011001001101101000110011101
0010101000011000000111000000110110011001000100110101101100111010011110000000000000011001101010100101011011010100111101100111101010111001110100110010001101010111011011011100001011110110110001111010010001001101101110010011111111010010110111011100000011111000
0000010100101000110000111000010010100000100110101001111010110100101001010010101000101011111101101001110100110100101010101110010001010111011001001000101101101100110001110001001011001101001011000010110000111011110011001011101110010111011001101100011000101001
1110010000100111101101011110001000011011111010111111111001000100111110000010010111011000101011011111111000011011100010001101110000110101111000001010101110110001111111001100000001100100011111011101000010110011011000100101010110100001000101101111100111101111
1100001001101110110101010000011101010111000100001100110001010001111101001110101001001000101110000010011101001010110111100101010110111101000110011110100100101101111101101111001010010000101001000001001000101110001000000100110111000010001100100101010001111111
0010111001101100111010101101101110111100011111111001101001111100111100000011110111000000101110010100110000001101000110010010101011010010101100000000101000010111101000110111000001111100111001010101011000000010101111101100111011110010000101000001010111010010
0000001010110011101001111010011111000001111110100111010011011111100110110101010011110010111111110101110011010001101110010001011001101111101010111011000000110000111101000000110000011100010101000111101101001101010001010010111100010111111011111001100100111010
0000110111011101101101111101001010000010110100001110111100110111110011001100011100110100011000000011010100010000101000111111101001010010010010110011001111011001011101000010001010111011001101011110011000011010001000001100101010110110011011001101111000100111
0001101011101100111101100111110100110111111011000111011110001000011000101010111110000110100010001001111100111010100111011010110101000100111110110100100100010011110011010000101000001000110001111101011110000110010111010111110110011100100111110110001000110101
1000100001011001110010000000001101010011001001001101000000000111110110010001000011101100111100111001110001111111000011001001100111100101110010010010011011011101000101010111111110001111000111110001000101100000101101111111100111110010111100110010101100110010
0000111001011101101110111101000001011101110001100001101101101100110011001011101100101011101001111011000000101010101000111001100100110100010010010110010111010001110101110111001101110100000000010001001100011101011100111110100011010100001101111110011000111100
1111111100100010101000011000000011011010111110000000011001110100001110001001111001001100111101101111000010100010000001101011100011110101011100111001000010011101000011011000110011010000001100000011001010010010010001111000100110100010101010011100110101101000
0111110001011111010101101011010001110010011111011101101011011000101010111010010110011110111101011000011110000100111101100111001001111110000110001011101011000101110110001000101110110010000010110010100000000001101010000000111110101000111111110101110000100100
1111001110011001101011100101100101010011100101000100001010001011000100000111101110100111101011001110111111111011010001111101010000011001001110001100111000000011011101010011000001001110110101110110111001010111010111111111110101110010100110000100001101010011
0011110100101110010011010010101010111111111000100101011100011000001100001100100101000000011111011001000000000101010000010001111111001011110001110101111001000100000001011100000001100011111100000000111000111111110100110110100010011001101101101000011111001110
0101101110010011001101111111110011000010000011110010010100000001101011001001100100111101011010000101110000111110110001100111101100101100101001011100011011001000110100110100101011001100101000000100110111100000100011001110111100101000100111100110001111001101
1001001000110110001010101110101001100111101110001111101101101000101111101110011100100100110010001111111110100111000000101010010000000101111011100010011110110110110101111111011001100000000110010101111000000100110110101011100010000001010001110100001110111111
0000100000001010110111100110001011001100100000110000001000111000100100111000010101111011110010011100111100011010010000000101111111010110111011010010100011011100011100110000100111000011000101011100011110000100001111111001111101110111001011001101101000010000
1101000001100110101000110101000111101101100101000100000111100010000111000110110001110100110011100110100100011101111010111011100101010100000100101000000111110010100001110101110010011101011100110101110110010111010110010110011011001111011110100111010101011111
0110101101000000111101100001111100100001110001001011001100110000010110110011011100100010011011110100010101101111000000110100011010000011101110000110111001010001101000111011111110000011100010000000011111110101101000011011110011001110010000111011101110101010
0110111110100100001000011001101011100110010110000011110101101111110000010000110011101111001010001101001010011111100101110000110110110001000100111001100111011110000010011111110001001101100000111101100001010110010011100000001101111011111101101110001000011001
1110100111100110110001101100110101011100110010111000100011100110100010011000000010111000000000101111111100100111111001001010101000101000111000000000001001111000111110100000001010101100010101001101100000101101110111101000011100010111111111111111101111000100
1111011011001100010100010001110100111111110100111011111001001011110000001110110100100111011001100111111011101101100100101101100101000011111000101001001110111101011100100011011011100101000001010000001011010000100110000111010100000110000001010111001100101001
0101000101010000010110001101011011010001101000011100011100111101110011011011100011001000111110100111100110100110110100010010111111101000000111101111001110100100111100001111110101011000001100000001100011010110110010011000010110011010010101111000000000111100
0100110010011110100100101010110001110110100000010111011011010010000100111101011111010100101011110010110000011010010101000010011111111100000000010100101100111110001101101010000000111111011001101011001001000000000111010010001010111011111010010110111110001110
1000011101111000110111110010010001100110101010010101011111000101100011100001101101001010011111000010100001000111101110101010001111000010010001111010111110000110010101100000110111011110110101000010010110001100110011111000110011111100000001100101110000001011
1010001010110100000110111010111111000000011110100111110011101101000110001000110111101011000001110000001011110111001111101100101101001101101101110100010110111101111101010001110000100110100111010101111011101110111011000100000111111011110001111000000111111110
1011000000110110101111110110010100010000100101100011000010111111101110011000001100001110001101101100011110110011011110110100011010000011100111011011110000001001000110111001011011101110001100100010000101110010110010111001111110001100000100111111010100110001
0010011011000001001011001101001000111011000110011001010110011001100111010111101101011010000010100000111110110011000101010000100101011010011000010100100111100110011001010101110110111101101010000010101011000111010011100110101011001000100100010001101111110000
0100110010001001100100101000011101111010011011110000100110000100001001100100100010010010100000001011111110010010001000111000111101101110001110100011100101110000000011110100010110101010011110111000110101011010100100010010110010010110101000010100111100100000
0011111001001010011100110111100110111011101011011001101010100110001001010001110111010010111010110000110100010011101001000000111111011100110111100111011101010100011001110101000100010010001100000111011010111010000110011110010000101110111000100101011011011111
0101110011011011000100101101100000011110001010100101111110010010001001001000001100011111101001111100110000010100101000110110010101100001011101100101100100101000101101011011000100011111000011111111110000101011011011010110011001110011010001101011010001000010
0000110010110001100011101000110000110111110100001111000111011011110001100010100111010000101010011101011111110110001011011111000000000010010011111010011100110000000000111001110000111111101111010101100000001001001010110001000111101110110111011101011111111101
0011000000100010001110101001100110101101001111000000011001000111011110101101111110101010100010101100001001100001100001100000101100001010000111111111110001010100001111001110010010001011000001010011100010011010010010100100100000101011001100110001000000101010
1010110100000000011110110111000101000011001001110100011111001101111011010011100101001111101001011000000100000111000100001000100001101101110010010001011011101001000000000111010110011010010011110010101101001110110110000001101010010101000000011010010011001110
1001010000010001010011011011010001101110100110101001101101100000001011111011110010101110001101000010000111101000101011001101100000001101110110111101101010011110011001100110001001010000100100101010111010011000100010101101000011111100110110000001000011101100
1010111000101111011010010001111100010011010000111111100111100111001001010001101000000101111001000001100010110010111001001011011111111001001000110001000011001110011111000110011010000110111101111110001100100000100011011000010010001001001011110000101110011111
0001000100001001101011001010111101100010111100000110110011101100000011010011100001010111100101101010011110000011011000001000011000101000101011101110000110011100101110110111011000000000110001000011011011001010011111010011100001101000111100011000010100111010
1010111001100110011111101111100110000001111100001001001010001011101011111111010101100111101000000000011011111011011111101000111010011101001111101011011001100101101101011000111100111001010110001010000111010110001110101000101100101010110101100101101111001010
1110001011101111011001110010000110100010101111001001010110001011100010001001111100111101111000100011010111101111011010100010111010101110110111001100111010101111100101011111011010010011110100010111010001111100111110110110110011100111001100100010110111111111
0010101110000110011000111111110001001110000111110011100011011101100000011000110101101001000011000010110111000111111011110001111111110001101111000011110001110011111011010011011001101000100110100010111011001101001000000001100111101000000111100111010000111011
0010110001101011001001001110010011000111110111100010111001011101100001101001010000011100010111000100100001100111000000110101110110010011111010101010110001000111001001100111010010111101000010010010101000111000100001100010101100000110010010010000100000111001
1001001001011001100100110110110011100011010111001111101010110011110011111111110001101100011110100001001010100111111110000001011101010101000001001000011100111001100001011001001100100101011100101000001001111000111011000001111111011101111110100101000001011111
1001101110110111110111000111110111101000000110010001011110010001110110000011100100110001101011010110110001001011000000011100101110010110000011100011011010101101000001011010110010011011111101100001101101010011111100101101000010011000100111101000011010110100
0011110010110100010100000100100111101001001100110111111010011100100100101101101110000010000100101111100111011110011010011110010100100110010000100000101111100011100101101111011100000100111001010101110011110110000100111001101100011110001001110101111110010111
0000111001101111000110010011100001101001000110111011010011111000101100100110100101100011110110010010010010101000100011100010100000100011001100100010010101101111011000001110001100100101101000101010001101010110100001011000000000100010000110010010111111001000
1001001001100100001001100110010000101111101010111000010111010011000010011111110000001010101010110111010010001100110000000101001010101111110111101011100111011001001000100110110110110110110111001110011000010011011111011001111000110001011011100001001101111110
0110110011000110011101101110010101010000001001111011100101010011001000001110001001000100001011001111010110001011001001100000000000101110111011110111110001100000110010010110110110001100111101001110110100101111101011110000010001101100010100111011011001111110
1011100010011000100000100000100110011011000000011001010010110001110011010101010100101011110101111101100011001111001001000000010010011011011001001010101001010111011111011000111000111011011001001010100110110100111001000110011011010010001111001011110010100110
1000011111110001001010001011100000101111000111100100110000101000001101000011000000100000010110001000100100000110100100010001101110001110100001111010100010001100011110011001110010110000101100011000010000101110010100110110001100000001110111001111010011100100
0001010011110000110111011001010111101111110111100101100011110011111001010000010010000100010111100001000001101111101110000001111101010110010100001000001111111011010001010011110100000010101000110000010000111100010010100010100001100010010110110101110010101110
0101110001011001000101111010000101111010000110111111101111010111110110110111000011100000001101101101110010101101111001110100100110010111011101100100101111110111101101101100000010001101111000111110011110000011011010010010110111000011110011100100001011101011
0101001101011010011001011101000111011100001110110000010101011111010100111010100000001101101100010010111100001000111011011010110101011001101111011000101011110000111101100111111010010001010111011100000010000101000010101001101000001001001111101001100101111001
0111110111110011101000010110000111011010011101111101000110001010111100111111010001000110001000001010000101101110110010101110110100010110000011100111110110110110100110001110110100101000010000001010000001110010101101110001000110011100000001010100010010001000
0010010110110100110001110110001100010011110100001111111010101110010001001100001001010010001111110101101101001011101111010101011000011110101111111001011100111100000101001000011010010110101001001011100101011010101101000000110100101110011000100011000001010111
1011111101010010000000101011110000101011010101010100000000001011000101010110111110100110011011001101111101111001110000110001001110010000011101001101110011000001100111000100010000010000000110110001011110010001001100110111010110001100000011111101111100010000
0101110100001110001101111100010010000100010010010111010110000101111001010011000011110001100100000100001101110000100111111001100010011000001101101010000000110001001010000110100011101101101001010111110110011101111111100111010101101011100110111010010010111010
0111011001000111000010010110101000000111011100101110100110000001000111101000101001011110001000001111011101000011110011110101001110101101101110001000010101001000000001101110011011101101010111010001011010111011111000010010001010011111110000101010010010010011
0111100001011000001001110110110100110111011101111001010101100110111001111101000000101011101000010101100101010010000001110101100001000101010011001000100011100111100011001110111101100101111101100010110010001100100100100110111011010101000110000110111011111100
0001100011000101110000001000101001110001011011001100110111000000101100110010001111001011100000101101001101111101111101101000100010101100010110100100011100001000001100011010001010000101110011011110011001110000000010101110100110001110101001000111111110111010
1010101010000000000110011101111100000011001000100000111100101001100010000111001000111011011010111111000001001110100011000001101011000001110101010001000001110111100110101101101110101000000111011010000111011111100010010100001100000100010100100111101101101100
1000100111101111000000100011010010100110000000100110001111001101110010000001101001010010010101100001001110101110001011101100001011011000110000000001110101110101111101111111100100001101111100010101001110010111111101100110111111001000100100101010001011101100
1010010010000111110111100010110010111100100000001011110011111110100101100111001010001101101110010101111010001001100000001011101000101111100110011101000101101110010111001000101000101100100101010111000101101101000111011010111011010111110101001001010010011111
0001111001000011100110011111010111011111101011001100000001100101101111100010111110011010011100101011110001100100101110010011000001101111111001010101001000000110110011110111001010011110100001011111001100110110101001100100100000001101001001111111101011011000
1000010101100110100001101011100100111011110000010001001001110010011000110001101100011011101001111111110000011010001111111110110010100010010001001011111101001111100100010100001110111111100011100010111011001101000010000000101011010101011010100001100000000110
0110100000010110111110010011100101011101011001000100011000010000000010110000110010011011101000101100111111100111101110001100111110011100101000101011011011111000001010000110100101001010111000110101111001111000001111101111101110010010000101001101100111001100
1100010000001110101101100001010010011100100011011011010010111011001001111001110100010111111001111111011010010000011010000101010000100110110110000000011100110010100011100110010011011110100111000001011101011110000110101110001011011001010110101111111011101110
0010010010001011010000100001000101001010010010001110101001110101000110000010100110000110101001000100010110011000111100110110000110001000101011000001011110011101001110100010110101100011110010110111111000010111100010100000110100100010110001110111110001011010
0110001101001010011110001001000111001001000000000010011011001011110011100011010110111011010111110000001111111111001000000111110111001011110101010111000011001011110001001100001111001100000110101011011110000110010111010111111011011000011011101001101100110110
1011000001001000011011011101110111101100100110111011000100101000111100010110111011000110111011000000100001010001011000001111011000100011110011110010010011000011010000010101011001001100100110000111110111111110111001100001110111000000011100011101100110111110
0011010001110101100100110111010000110001010110011100100000110000110110001101011001100011000001110010001000111101010010011011001110100111110100110000001110010101001001100110110010101010101001101010001011110000100110100010000111101101100100101010100100011110
1100001100011011010001101000010001100100111011011010101100011001010101001110010111111000010000110110100100001100000101011010001110001010000000001100010111101001110110110110010000100001110100000100110011011000000011111111100010001101000111010100110011110101
1010101111110011001010001011111010000101011001000010001001000000101101011100000100010000100110110011101101011011111001110000011000111010100101101000111001101000010001100101011110101010000100101000101101001110101010001011011000100010001010111010100101011011
0110100111111010000100011010010110010101100010111111001000011011101100100000100101001101010111000010111010011111111001101010010111001110001100100101011011111010100111100111010101010100110100111101010001010010001010110111010000000001010110101111111101111000
1110101100000110011000011110110100010111000001101100001001001010100101000010101110100001011100000110000101001010100011111011110101111000011101000101001001001111110000001010001001110011010011011001100111011010101111001000011000111101011000100011110011010110
1100100111110110101010010111111011111110000101000110011101110110001100010010100001111000011100111111010000011111010010111111010011000001100110100000100001100000011001010011011101101101011010111101101101000000001011000000100010111011000111110000110111001000
0010100111101101001101101101000110010100000110101001010101111111010010000011011001011100110111111001111000110000000101011000001001111100010000000001001111001010001001000100100110111000000010000111101000010000101010011000100101001000011011100001101010100100
0100001100110000001011000011111101101001000101110010111100101000011000000101001000011011101011011001110100011000110011100000000011010001111101001010110100111101011101101011100001110100101101101101010011010001010000100010110100100010100011111110111100111000
0101111100010101001110001101110011000110011001011011011110001100010111010110000110100010011111101100111001101000100011110010001101000101110110101010000111011110011101110110011001110011000111101101111010011010100101100011000101001001100101100001100100000000
0010111111111001000111000001011010011001110010001100111111001111001100011001011011100010011111110101110110001101000011101110101110101110100101101110111110010111011110111101111001001111101101011011111100111101000010011100101110111101001100000101111001001111
1000000111111000110100000101000110001000010101001001101110110010101101110100011110100100111111000000001000100010111001101000110000010001110011011000111010111001010001101001001111011000011011111011011000011001011000110101101011100001011110010110111101110011
1101010010000110111000010111101010000101111110001011101010011101101100011111110100011111001100100000001010100100111101111101000110100111101111100011000111011010010011011101011111001010110101100100101011110100010110000100000111011111100000100111111000011111
1110111110000011000000001000111100011111010100011110001110000011010000011000000000100001101101000110111011011100000011001110001010111010000001010100111110101000111111111111100000101101100100001110111110000010010011010000110000111100101111111100100101011100
1111011001001011010110100001011111100000101110101001100100111101010000000001010011010011001000100011001100000100110100011001010001110110001110000011000001110000111000001010110100101001101110100011011001110110110010111100001111000101010110001001010111001011
1000010010011100000101011001000000101101010000000000100001010101010111110100010111001101010001000100011011110100001110001101011111110101010111001100110111010100111100111101100011001010001111010100011100101110011100110001111000101011010010111001110101100100
1000010001101010011010000000001100010000000000100111101000101100001001111011101111000010110100111010001011111011110001111000110010111010011010010000011110001001011001111011000100110001010011100010010111011000110110010001110101010011011000000101001111001000
0110010101010111010010110110011111010110100110000011010011101010110110101111000011000111100110000111011101010001011000001000000101100101000101111000111100000100001011111101000100100010111010100001010110111001111101111100010111011001101101110110101011111101
1110101000100010101001111110001011000111100010011011010011110111111101001110111010101110111010000100011100110011111101001011011111000001010011000000010100010001111101011111101101011001100110011101001000000110001010001101111011000101100111100011011110001001
1101111101110011100000101111000010001000110100101101101000110100011111101101101100101110000110110001101010100100010011100000111101010101011100001011100111111101100111011011001001011101111110110001001001011001010101111000101010101011001111010110010110111111
0110000110100110100010011001010001001011101011101101101011011000110011000101010001100001010111110110011000110101101001111100010100100111111011000001010110110110000010110100001111001111100101001110000101101100001010001001010000110100010110001111100111101111
0001000111100110000000001001101011111001011100101100000000011001001110001111111000110011011011101111000100001011000110000010010100001000000011010011001101100101011101001011001110010111110011000100111010010001000000001110010101111111100001010111110101101100
0101110000110111001100001100001011000100001011101100100001111010100100011010010101000100010101011011001001001111110011001101110100010001111101101111111000010111101101001011001111100110111111100001100011010010111011010010111101010100000000000100100010011001
1101010000011000111111000011010011110111100100001010000000000110011110000100110010100101101110111001000110000010011001110100000100101110001100011110101101110011111010010001100100000010101010011011001111101001000100101111001110000010011111011110100111101011
0001111101010111001000110000101001100010101110101010100100111111000001100100011011100000011100110000110000001110100001101010010010110100000110111000110010100001111110010010011101101011000101100011001110110010000011110010100100110100010000010101100011111100
0011000110010011110000010011101111001100110000110111001010011010110011100110011010111100101010000001110001011000010000110110010001101001111010010111010110001001010111111111010010111100110100101000100001011100110011010111111100011110100000000100101001101100
1111100110010001010011010000110010010110100110010011010101100110010101111000100010101001010011100010000100011010111000101110001010101010110100101001100101010100111000100100010010101001010000001000111101111100110111011011100010001001111010100111001111010100
1110000100111001011011011101001010000100001100001011111100101101001011011001101010000001011111000111110011011100110011000111100011111000101011011100010100011000000001001111101100111100101111001010001001111011111101001101100111011000100011000110110011110110
0110100101110001110100110100101000111111011111010110110101110011110000111101000001011001111011000001011011000101110111011100100100110100011111010000001010111110111001101110101100110000100001111111011110001001100000011010001110001100000000100111110110000110
1001000011110010100110011010010111111101101101001000100110011011001000000000100110000100101000101001010010100011111001001000000111000011000001010011010100001111010010001010011000101111110111000110000011011110000010100101011111101100000010101011111110100000
1110100010010101111011110100100111010001101001010111111100011100001110100000010011001101011101010011100000000101111011100010011111011000110001101110011010000001101101100010000010001011001110110010110111001011101101111000000011000011000001101000011001111110
0000011011111110101000110110010011001011011100111001011000101001000111101010010000001100011100100110101001011000001011010111111001111101111110011101001011001110100111011100101000000111000001001010110110100111101110000101111010101110011111101110000000100001
1110100000001001001110011001011100100100011000010010101011101101111010101100111001000001111001111010100101100111010000001110110011100110110111100000111001100101010010100000000111001000110000001000101000110100100010111110000000000001111110000010011001010101
0011011111110101101111010010110000010011111011111001000001011011111001111010000010010010100001110101111010010110011000100100111101010101000110110011001100000100100000000100101100000000111100111100011010010110101001011101101011001111101101001100111111100111
1100111011100100011100101110100000100110001001110010001011011100100010000101000110100111011111001011111101110000110111000100000010111110101000011100111100010100110011111011000010010000101110111000111011111000101101100011111111100011001100011111101000100011
1000010100100001011101011110010110110000111000111110110000101001011001000001101000000001100101110100111001100000011110010111111000011011010100101000111110110100011001010010110000100101111010010100001101010001101110001000001101100000001010000101001011110111
1011001110000010010111111011110000100110101011100000010000110010010010111110111111101011101101101010101010001011100000011100010111101100100011010100110101010110000111001010101110110000000010011110000101001100100001100111001000100010001000010001110110010010
0010111100111111110100000001100000001011010010110010011000010010010101010011101011101111101001111101010000111111000001110110101001110111000010101111111001000110101001001110100001010010100101010100111111101100010100111000011101000001011111111110010010101001
0001101110110110101010001111100111010110111100101100100101011111100001101001010011010010101111111101110011001000000111101110010100111101101101011001001110110110010001111011111111011010011001101011001111011101000011011000111111111111011001110011001111000010
0100011100011111111101100011100100110110101101101111110000110100101111011100011001000011101111101010101110011011011011010001011010011010000011100011010101101110011010100110110100000010111000001101010001111011101000011101000110100000000011100000011111001011
0011001110101111001100010010110000010011110000000010010111111101111011011100001011011011010001001110010110100011100000111100000011111110101100000011101010001000110100100001110111000000001010000100011110111110110110101110100101100010101011010000011001000111
1010001111000111001000101001000111101100010110110110000010100101111101101100000011110010111100001010101000110101100101100000101011111111001011000100011110000001110110101011011111110111000000110000100000011100110111000001000110110111000010001001001001101011
1000100011011100101000101111111001010010101101100101111101111001100110010110101010101011111100010111010010011010110001111011100011111101100001110100100110001101001011000100101100101001010110101000111010011001100100010111000100000101110010011010010010010111
1001010000110010010011011010000000011000101011000111110101010010000101110101000010011010100011101101000001000001110110110101100001110110010011110011110110011100101000101010011001010111100010101110100000110101111100011010010000100011100110010001000010111101
1011010010001110010111100100011101110100110000000101110000101110001110100010101001001000011010010111010010110001011100111000101011110000110001101010001010001111101101010010111000111100111011000011001111001110100011011010101101100110000001011000001000000101
1001110011011010100101101110010111010101011001000110011110001101100110100010101000011010101110001110001000100010010110011111011100010101000100101110100110101111011010101101101011011000010111010011000011011011010000100000101101110010110010100100101000110010
1001101000010011101110110110111001100101001011000101011111000110010001011010001101010001110111101100010101011111101010010110000110111101010110000101101001101111000110010000111001000101111111001001110101100100101011110001111111000000101000011101101010001010
0110010110101110111001001011101011101000000111011100010010100011010011100001111110011010111011110010101111111000101100111110000110110011110011110000111000001001100111010111000011001110000111100110101111010111111111010001101101101001001011111001111100000101
1001010101000101110111111101011110011000000110111111010111001110010100001000010011110111010010011011101110001001100100111001011010110010001010001100110101011001100100000001100111101010111010100010011000000111010011100111101011000101110011101100001101000111
0010110101100010011001000000111001110000101001001001010101011000100110010110000111001111010100000100111111001101111001101101001001100001100110101001001100110001111111100110000110001001001111011011110000010001111001011001100011001100000100010110010111111011
1111000001011101001111101001110011011011111101011101011011100100011011000111111101010000111000001010110010000100010100010011001111000111001100000101110000101110001001010110001101100101111001001011000000010110011111010111011010101001110100111010000010001100
0010110101111001001111011101001011100101101010001000100111011001011110100011010100100110011111001101111001101111100011010101100010011110001000111001000101110001000110011110100100001110011111110111000011011000001011110101110101011100000010001011010000101101
1111001000010000110010111000011101001010111000110100101001111110010011100000000010111010011000001000100100111110101100010100010010000001000010111011001100110001110100101001001001100101001100010101011110111000100010100000110010001001001111000100110100111110
1111011100101000011001011000100111100101101010011110100011100100101010111110111111000101101100010100010110100001111010001010000111011000011010000100100111110111101011100101001101011001110111010000100110100100011001000001001111011001111011100110110111100010
1111100111001101001001011011000101100000000000110000011110010110100110010101110100110101010000111100011110100000000011010011010001001100111101000111001110001111010011110001110100000011000111111001011011110011111011110011111001010101110101000101100111001011
0110100010110000011100110001010011110101110111001011000100110010010010001110001110100010110000001110100110101101011001110110100101100010001010000010000011001011000100001101100011110010111100100101100010011001010110000100010011011000010101111111011100001011
1001011110111101101010101001100001001010000000010010001011010110000000010111110101101110101001001110011010001000110111001100011100011111110110110111011111001111101111011001110110010100001111010101011001011000000001010000010101000001011100111010100000000101
1011111000010101000101100111001100100110111000100101000101001101101011001101000111100010110010010100010100010110011010100000000000101010101001001001110110011110010001010010000110110110100011110001011011011111010001110110101011010001000011011000000001000000
0010110110001111011011000001010100011011100011100000001100000010101001100111101101110001010111000100011110000101011110001110011010010111101101001100000000001011000010101000000100010001011010110110110101101101000100001110000101011110101100001100101001100010
1100011111100011000000111000101100011000011011111011011001010110111001111011110110101110001111101110010001100000111010110101000101111110010010000110110110111101101100001001001111111111010010110101101111101001001010001010111110110101000100101111010111110110
0000011100110111101011000001110110010101011010100010100100100000010101110001101010110011001010000110010111011000001111100101100000111011110001111111100000000100011111111000011101100110111001001010101110101111001110111011110101110000010100100010100110010011
1001000010101101110011111110011011100010001000010110100001011001111100010011101001100100100011000001000011010101010010001111011110111111110000100100010000110100011100100110110011001001001111000110111001111101100100111110100001010101011000000110111001000111
1101001110000000101000111000110010100011101110101101011101111000001000001001001111100110011001101111111010100101110011000000111111001101000001111110011000011001001111001011001001001101011010111101111110110001110001001110100111101011101010100001001010100010
0000100100011011101111000110010011011000010010101001110011001000001110101111001111100110001110000100111001000100010010101111010111011000110101100111111111100011001110010110111011000001011111011110000101110100101011011001101011101110100111111101001010101001
1100111110110001010001100001000110001110011111010000011100100101000000000001101010101011110011000110101100001101111011010010001100100101100010110110100111101010001101001000100101111010001101011000010000011010100111000010001011110111101100100011110110000111
0110101001111011001111011111000010000010100111100110111000100000011010101100100011101111010010010000010101110010001100110100011110100110111010010010111100001110000010001101110001000100100100111101000111101000001000100110011111000111010100010111001000010110
0010110000011000111111111010010111000110110000011011111101101101001101000001101111100000101111100000001011001010110010110101101000111101111111000011110100011010100000000100110000010101010000100010111101011001001010110010010101000110110101001111111000100001
1001111100011110000111100100100111100111001000111101000000111001000100011000000010111010011101101000101000010000000110000110001010101010110000010001110001111110010110110111010101110011111110111110111000111010011011101000100111101011110000001110011111000100
1101111000111000010101000110010110000111001011110010001110010001110101001101001000111101011000100001100001100001010010010101100000101110110011110111011001000010111001000110011011100110011000101010011101000100110101110110000011001010110000101010101010110101
1110101110011000000001001010001110100010001101111011000001101100111101001011110100011111011000001010011110011111001010011000011000011101010000011010111100100100101111010010100111000101110101111000001101100100101011110101011101110101100000110100110101010001
0101100010100011000101110101100000001110111010110010011110011000011001111101011011001010000110001110100101110010111000010110100110111111111010011101000001111100011100101100111001001111011010111110101010011111110110100001100001111110001100001100001111001000
1111100010110011100010000100100100010100001011111101110010000001110110000011000010010110100010101110010101010110101101101110100101101100000000100001101100100001011100001111000110101010110000010001110101110000101011001000001011110110111001000010101010010000
1010101010111001011100011101111011001111000110001110001001011011000001111010101111101001001011110011011011001010110001101110101101100000001111110110010100111111101011111100000111010101001111010011001111111110000101010011001110010011101010000000110010110001
1010110001001111010110101000011100000100101011000011000010111010101101010101100110011000000100111000101101001010011011111001011000100101100111001100010101100111101101000011100001111101111111100110001111000010000100111101101010010100001110010001001101001100
1101010100011100101010010011100110001001100010110000100000101110000010111011111011100001011100100000101001100010001011101101000011110011011110010110000000000001110100010000101001011001001101000011011001100111011000010001100110001001111011000100111110000111
1010100010110100101001011010000011000010001101101000011111011100110011100011111110111011010001010110101111100111100000000000000100001011010110110001001110111011100110111011000100100101111011110111011111010111111100111001001010101010010111110010000111100110
1000111100000110011010011101010001001110010010010110111110111111111111011010101111001101110101001010010000101101111110101010111001001011011001110011011011000010100011000111011100100011001000001111001110111111000110101101001101110011000001111101110011101000
0100110000010111111011111001010100110100000011100110101100000011111100111011011111101110110001101101100111101001100011100010110100111011111001011100101011010010110110010010010011001101010010010111000111100101101100110011000000011000001101000110110001111100
0001000010010010000110110100100110001111100101101100110110000101100011101001101001010001000001110001000000111010111111100101011000011100101001110001110001010000101101001100010110110001011111100111001101000010110100010101101111110000010100111100110101100101
1110000100001100011110001010010000110000111011100101001000101001111110111101101010111100111101101011110110011101111111001011010000000000111000111010110110111101000101001110011010000000001011010111100000101101110000100000101100010011011000010101000001111000
0010011101101100100110001111100101000101100000110111001001101000000010101011110110000010100101110111010101001110111110010011110000100000011100001110110001001011011101110010000001010101001110101110111001011011110100000111000110000110101001011010001111111010
0001011111000011111110111100110000101001011011111100111011010100100101100111001011110110110001111111101000011101110100111011101010110100110011111100111011101000100000011010111000010111000000111001001001010000101100000010110100001001101011111001000011110111
0001010111100000010111100010001001100101001100111101010110000011100011100000100001011111110111010100101011101101001011001100010010110100110000100011000101001011001000001111111001100000111011110111001111011001111100000011010001011110000010101000001110000101
0110111110110010101111111110100110100101110101100100100011111100010110100111011111100000111010010010010010101101011111100000001010011111111011101001010011100011111100010101011111011000111011100010101110111010110100001011110000010110000100100001000101100011
1010000100100001010000111101100110100101101111101110000100010001101011100100001111101100001011101001110110000001111100001111000011000000010110010001110000010011111000100100010001111111011010001100100001010000010010100110101110011111101000001111111000010101
1001001011110001101101010000001011010110000111110110101111001110010010000010000001100010101100001110110011010011001100101110010100011101101011011101101010000110111010011011101101101001001001111010100100100000000110001010000010101001111000100110101000011011
0111110100000001010011100110110001011110100110000010010001010000110001001000000011101111011011001001011000111010011000101110011010011100000111111110100011101101100101000001110011010000000001111000101111101101011011011010110001100110100011110011101010111110
0011011110010111000000001110100001001101010010100010010101011000100100001001001111010111000010000110100000111010101111110100110111110010100101011001111101110101101011101010100100111001100010100011110010111101110111111101000100001101111110011101110101110111
0010111100010101101101111000011010101000111110001010001111110011001001110011010111010011001100010010101001100010001011101110110101101101001100000100110111100011011001000111101000001100010111010101000101111100111001000011101101101111110000001110001101011100
0101000110010110011111111111000111000100000001100000010111000110101111111100100000000101100001000111010011001001001000101110011100001001001000010011001000001100110111111111100101011001011000011111101011101111011001011000011101001000101010100111000110011010
1110010100111101011100110101100001101011010000010010111101101010111011100000100101110101000001011011001000010110001011011011111000001110011100101100110101001001100000001101111010101111010110011001111000011001000111110000010010100101011011000001110101110111
1011011010001001101110011010011110001001001111010100100001111101011100010011001011010111111011001001000110000101010001010100101101001111110101001111010000100100111011010100001110110010011111100011111010110001101100111110100000100011110011100011010101000101
0101101100011110001000001100101100011111000101101010111110101110001001001010100100010101100101110101010000101110100010100110010111111100110101101100001011001110100010101111000110010101100010011111011101110101000100000001000010010101000111111110100000000000
0011000110110100110100010010010101010000010100010111001000111111110001011010110011100111111110001100101110110001111111110010110010110001101100000101101100010010101010100000110000010001010011111101111011100010110100101000000010001010101010100100001000011010
1101111111100101000011010110001011100100011100101101110000001100001110111101111011100011111111101110011111001000000101100101010010101000011111111001011111110110111001110100100010000111111000010101001001100010100000001110100011000011001111010000000011101011
1000100011101000010011100101010011110101010000111111011110001100111010011010111000001000000011100001110001010000010011010101110101111000100011011001110101011011010100100010000101001001010110001010100101001101111111100111100011110001011100110001000110011110
0110011000000101001110111111100110111010101010010101001010001011011000010001111001000100011000010111111110110100000100011011011111010110110000111000110000100001010100001001011101000001111011010011000100100011101010110010000100100001111110100011111111110011
0101101111011011001101011010100000010111101101000001111000011010011111110100110100110101000111111110101110110101110111111011110101011100001110101101001000110010001110111111011111001011100111111101111010001011000110000101011101100101010000000001101100011000
1100010011010100000010101000111111000000100101000011110011101000111000111010000110000010000111110001101010010010101101111001011110100000101010010001111010001111110111010001110100110010001000101110110110101111100100100010001000011110100001111010011110110010
1001100011100110111001101111001001100100010010100101010110101110111000001010111010001011100010110110100100111011111011110001011001101101010010000010111110100101110110010001111110110001011100101001110001010000110000101011100111000111101010111011110000100000
