00000000000000
00000000000000
00000000000000
00000000000000
00000000000000
00000000000000
00000000000000
00000000000000
00000000000000
00000000000000
00000000000000
00000000000000
00000000000000
00000000000000
00000000000000
00000000000000
00000000000000
00000000000000
00000000000000
00000000000000
00000000000000
00000000000000
00000000000000
00000000000000
00000000000000
00000000000000
00000000000000
00000000000000
00000000000000
00000000000000
00000000000000
00000000000000
00000000000000
00000000000000
00000000000000
00000000000000
00000000000000
00000000000000
00000000000000
00000000000000
00000000000000
00000000000000
00000000000000
00000000000000
00000000000000
00000000000000
00000000000000
00000000000000
00000000000000
00000000000000
00000000000000
00000000000000
00000000000000
00000000000000
00000000000000
00000000000000
00000000000000
00000000000000
00000000000000
00000000000000
00000000000000
00000000000000
00000000000000
00000000000000
00000000000000
00000000000000
00000000000000
00000000000000
00000000000000
00111100110010
00101110101101
00110111111100
00110101101100
00110110100000
00110001101111
00111011101100
00110000100011
00110101100001
00110111111110
01001010010110
00111010101100
00111110111111
00111100001010
00110100000010
00111001101101
00101100101000
00111000110001
00111011001111
00110111110110
00111110001111
00110100101100
00110110101100
00110110110001
00110101100100
01000000110011
00111101100001
00111100000100
00111001101100
00110111010000
00111100110110
00111101110011
00110010111010
00111001010000
00110111011100
00101011010010
00110100101011
00110111111111
01000010111000
00110011110101
00110110101010
00110101001110
00111001110110
00110001010000
00110100000010
00111000001111
00111001001010
01000010001100
00111111010100
00111001110011
00110110100101
00111001001011
00111001010001
00111100101011
00101011101010
00110111000111
00110111100111
00110000001101
00110001011000
00111001110101
00110101100001
00110111101001
00110111000011
01000011100011
00110110010101
00101101010101
00111100100000
00110111010101
00110010001110
00110001001010
00111001110000
00110001110011
00111010110101
00110101011010
00110101101110
00110100000011
00111101101110
00110110111011
00111000100110
00110110101111
00110111001101
01000010011110
00110011001000
01000001000110
00110101010011
00111101010101
00111110111101
00111011000010
00111001001100
00110100101100
00110111000101
00111000110000
00110111000001
00101111101001
00111001101000
00110110101111
00110000001111
00110101111101
00110111011010
00111011010000
