000000
000001
000010
000011
000100
000101
000110
000111
001000
001001
001010
001011
001100
001101
001110
001111
010000
010001
010010
010011
010100
010101
010110
010111
011000
011001
011010
011011
011100
011101
011110
011111
100000
100001
100010
100011
100100
100101
100110
100111
101000
101001
101010
101011
101100
101101
101110
101111
110000
110001
110010
110011
110100
110101
110110
110111
111000
111001
111010
111011
111100
111101
111110
111111
111010
011010
110110
110010
001001
101111
001000
010011
000001
001011
100010
100101
010100
001010
101100
101001
101000
000010
101111
001000
001010
101001
111000
100100
001000
110010
011111
110100
001110
001011
011011
101101
100001
001100
010000
100101
001101
000110
011100
001101
000110
001000
100110
001010
111111
010100
111011
111111
000010
111111
101001
011111
101011
111100
110100
110101
110001
011111
101010
001010
100100
100011
011100
100010
100011
010000
110100
010011
001111
110011
010111
010101
111001
000010
101100
111011
101010
001000
010011
101101
111111
010111
011101
101011
110000
110101
010001
110001
111111
011010
000101
010010
101010
110011
101110
001111
110101
010110
011110
011011
100110
110110
111100
101100
001101
