1100
0101
1101
1101
1011
1001
1011
0110
1010
1011
0101
0010
1011
0000
1011
0101
0100
0001
0110
1101
0101
1011
0101
1010
0000
1110
1011
1101
1010
1011
0000
0001
0000
1010
0110
0110
1110
0010
0010
0000
0001
1000
0011
0111
0001
0011
1001
0000
1110
1110
0101
1011
1001
1101
1110
1101
1110
0000
1111
1111
0101
1011
0100
0001
0100n0110n0001n0001n0101n0111n1100n1001n1100n1001n1100n1011n1101n1010n1010n1101n1110n1101n0000n1000n1110n1001n0010n1010n1001n1000n0110n0010n0100n0010n1001n0000n1000n1101n1111n0100n1111n0100n1111n0101n1100n1010n1101n0110n0110n1101n0011n0000n1000n1001n1010n1010n1111n0100n1110n0011n1110n1010n1001n0100n1010n1100n0000n1010n1100n1000n0111n1010n1000n0010n0101n0010n0001n1011n0011n0001n0001n0111n1111n1011n0010n0100n1010n1010n0110n0100n0010n1101n1011n0010n1100n0010n0010n1010n0100n0001n1111n1010n0010n0101n0110n0001n1101n0111n1011n